1 25346 16726 9683 24679
2 9994 9672 13614 9143
3 30533 7659 14062 29332
4 32611 20980 7064 11906
5 21603 16157 25726 17075
6 6846 24681 17356 28965
7 25427 10004 12625 21880
8 27413 32476 15 14736
9 10614 23027 16513 6127
10 22930 191 31663 26575
11 27164 8535 4850 3842
12 9 23230 20615 5514
13 30718 16349 29910 30456
14 4730 3650 19584 11653
15 14019 5275 6955 21233
16 30866 1264 26381 29471
17 19582 11940 28985 27757
18 5929 23593 26284 31189
19 812 20614 5655 17093
20 18883 8330 13930 3262
21 23096 25549 2597 27310
22 3089 31084 27485 1550
23 18424 23680 3216 23996
24 21358 17507 31274 5782
25 11056 3234 10452 14810
26 6245 8384 7295 32064
27 27788 26544 29747 28884
28 4136 27408 26264 11925
29 20520 13863 31553 26576
30 5656 10397 3260 27705
31 30474 14589 24410 1742
32 17730 25323 22718 19564
33 4261 15652 9256 14382
34 16863 29498 20351 12681
35 15445 7949 11552 22568
36 13009 15881 1641 12680
37 6887 15905 27396 5203
38 27434 24207 10483 28030
39 4113 24648 14688 15137
40 17318 16961 11810 22809
41 13300 1380 27663 31584
42 9262 13393 15876 29223
43 29855 10965 3253 5048
44 15701 22827 18229 26638
45 26509 32501 18501 29233
46 29149 6648 17500 13140
47 19236 1178 3194 17325
48 28722 29 12717 7446
49 14390 9881 21856 29544
50 31723 187 12903 13971
51 898 15168 10954 6781
52 26446 14383 26197 16544
53 20274 30681 19932 24418
54 15562 5521 28494 819
55 19548 21548 5761 17769
56 6269 30263 9911 5339
57 11395 24059 243 27711
58 12718 12593 766 4676
59 17173 31877 27448 16238
60 5202 4813 11551 17845
61 22253 9222 673 5597
62 2697 18450 17953 16020
63 9168 31028 24907 16717
64 13856 14919 23704 22751
65 3058 25793 23456 3548
66 23054 23148 4643 13490
67 31089 5854 32213 12676
68 21497 23741 28909 7622
69 28630 31412 14700 11162
70 17841 25652 28974 25326
71 19866 6635 17074 5202
72 28338 7685 11945 7578
73 15772 28709 7744 23608
74 13733 19746 20013 26966
75 22701 11906 24187 31670
76 25053 17847 4886 2890
77 30471 28443 4374 4754
78 1243 22701 9419 2489
79 12751 22665 23693 30575
80 5068 12073 1088 13189
81 5273 12638 19881 14154
82 12552 5644 12660 6055
83 32483 25512 21761 1276
84 9620 14707 242 27833
85 13718 28787 29813 6333
86 2719 20534 8530 26734
87 9354 21318 7348 32669
88 8966 14187 20663 1815
89 20481 21923 15029 23306
90 25810 32226 16976 17182
91 30249 21129 30015 4175
92 12983 24488 13274 15500
93 24732 27124 6755 26641
94 17812 12679 13082 20613
95 26081 9306 15615 7635
96 17912 15490 4965 8392
97 6891 1581 571 24433
98 5529 2396 4890 2866
99 13463 4958 7950 15526
100 18653 7184 12580 4410
